              precision    recall  f1-score   support

         0.0     0.3718    0.8605    0.5192       337
         1.0     0.0000    0.0000    0.0000       164
         2.0     0.4508    0.6164    0.5208       305
         3.0     0.0000    0.0000    0.0000       159
         4.0     0.6167    0.1276    0.2114       290
         5.0     0.3515    0.3320    0.3415       253
         6.0     0.1588    0.2075    0.1800       212
         7.0     1.0000    0.5251    0.6886       817
         8.0     0.0000    0.0000    0.0000        66
         9.0     0.3674    0.9480    0.5296       250

    accuracy                         0.4588      2853
   macro avg     0.3317    0.3617    0.2991      2853
weighted avg     0.5163    0.4588    0.4258      2853
