              precision    recall  f1-score   support

           0     0.5000    0.0063    0.0123       320
           1     0.0500    0.0047    0.0086       212
           2     0.3592    0.1542    0.2157       240
           3     0.7447    0.2439    0.3675       287
           4     0.0000    0.0000    0.0000       144
           5     0.0333    0.0175    0.0230        57
           6     0.0000    0.0000    0.0000       267
           7     0.0000    0.0000    0.0000       252
           8     0.0000    0.0000    0.0000       212
           9     0.3172    0.9938    0.4809       805

    accuracy                         0.3258      2796
   macro avg     0.2004    0.1420    0.1108      2796
weighted avg     0.2603    0.3258    0.1972      2796
