              precision    recall  f1-score   support

           0     0.6417    0.6867    0.6634       399
           1     0.3425    0.1453    0.2041       516
           2     0.6458    0.7521    0.6949       480
           3     0.7857    0.5954    0.6775       351
           4     0.5750    0.2000    0.2968       230
           5     0.5086    0.5651    0.5353       315
           6     0.5712    0.8206    0.6735       719
           7     0.4353    0.7221    0.5432       331
           8     0.5610    0.2018    0.2968       228
           9     0.9402    0.9447    0.9424       832

    accuracy                         0.6371      4401
   macro avg     0.6007    0.5634    0.5528      4401
weighted avg     0.6307    0.6371    0.6122      4401
