              precision    recall  f1-score   support

           0     0.2727    0.0750    0.1176       320
           1     0.0000    0.0000    0.0000       212
           2     0.1245    0.9917    0.2213       240
           3     0.6287    0.3659    0.4626       287
           4     0.2222    0.0139    0.0261       144
           5     0.0286    0.0175    0.0217        57
           6     0.3243    0.0449    0.0789       267
           7     0.1071    0.0595    0.0765       252
           8     0.0000    0.0000    0.0000       212
           9     0.9803    0.4944    0.6573       805

    accuracy                         0.2843      2796
   macro avg     0.2689    0.2063    0.1662      2796
weighted avg     0.4413    0.2843    0.2854      2796
