              precision    recall  f1-score   support

           0     0.0000    0.0000    0.0000       320
           1     0.0000    0.0000    0.0000       212
           2     0.1169    0.4417    0.1848       240
           3     0.1390    0.7526    0.2347       287
           4     0.0000    0.0000    0.0000       144
           5     0.0000    0.0000    0.0000        57
           6     0.3529    0.0225    0.0423       267
           7     0.2500    0.0079    0.0154       252
           8     0.0000    0.0000    0.0000       212
           9     0.9497    0.3516    0.5131       805

    accuracy                         0.2192      2796
   macro avg     0.1808    0.1576    0.0990      2796
weighted avg     0.3540    0.2192    0.1931      2796
