              precision    recall  f1-score   support

           0     0.6667    0.0063    0.0124       320
           1     0.3333    0.0094    0.0183       212
           2     0.3231    0.0875    0.1377       240
           3     0.7876    0.3101    0.4450       287
           4     0.0696    0.5208    0.1229       144
           5     0.0000    0.0000    0.0000        57
           6     1.0000    0.0075    0.0149       267
           7     0.1511    0.1349    0.1426       252
           8     0.0196    0.0094    0.0127       212
           9     0.5972    0.8857    0.7134       805

    accuracy                         0.3362      2796
   macro avg     0.3948    0.1972    0.1620      2796
weighted avg     0.4963    0.3362    0.2873      2796
