              precision    recall  f1-score   support

           0     0.5098    0.0813    0.1402       320
           1     0.0000    0.0000    0.0000       212
           2     0.2928    0.7125    0.4150       240
           3     0.4418    0.4495    0.4456       287
           4     0.0000    0.0000    0.0000       144
           5     0.0000    0.0000    0.0000        57
           6     0.6250    0.0187    0.0364       267
           7     0.1851    0.4048    0.2540       252
           8     0.0000    0.0000    0.0000       212
           9     0.5547    0.8509    0.6716       805

    accuracy                         0.3999      2796
   macro avg     0.2609    0.2518    0.1963      2796
weighted avg     0.3649    0.3999    0.3171      2796
