              precision    recall  f1-score   support

           0     0.4485    0.1906    0.2675       320
           1     0.1014    0.0708    0.0833       212
           2     0.5652    0.1083    0.1818       240
           3     0.6646    0.3659    0.4719       287
           4     0.0833    0.0069    0.0128       144
           5     0.0563    0.0702    0.0625        57
           6     0.4286    0.0112    0.0219       267
           7     0.2051    0.1905    0.1975       252
           8     0.1673    0.1981    0.1814       212
           9     0.4518    0.9727    0.6170       805

    accuracy                         0.3891      2796
   macro avg     0.3172    0.2185    0.2098      2796
weighted avg     0.3834    0.3891    0.3142      2796
