              precision    recall  f1-score   support

           0     0.6893    0.8250    0.7511       320
           1     0.0000    0.0000    0.0000       212
           2     0.6279    0.9000    0.7397       240
           3     0.7890    0.5993    0.6812       287
           4     0.6476    0.4722    0.5462       144
           5     0.2857    0.3158    0.3000        57
           6     0.7679    0.1610    0.2663       267
           7     0.5125    0.4881    0.5000       252
           8     0.2294    0.7358    0.3498       212
           9     0.9717    0.8522    0.9080       805

    accuracy                         0.6245      2796
   macro avg     0.5521    0.5349    0.5042      2796
weighted avg     0.6696    0.6245    0.6121      2796
